         -1.91836734694       26.06146468080037
         -1.83673469388      26.452587750907863
         -1.75510204082      26.997910173080967
         -1.67346938776       6.779605214937025
         -1.59183673469      10.802687140937778
         -1.51020408163       6.805500112184841
         -1.42857142857      13.429991711527688
         -1.34693877551                     0.0
         -1.26530612245       19.34612002488512
         -1.18367346939      19.709895127327847
         -1.10204081633      12.883907312871447
         -1.02040816327      14.691881803130464
        -0.938775510204      10.330581478335432
        -0.857142857143      15.116475680139041
        -0.775510204082       9.151906269404709
         -0.69387755102       7.701480034931578
        -0.612244897959       21.97027567433665
        -0.530612244898      12.295281368806306
        -0.448979591837      11.669087371407397
        -0.367346938776      11.766128192412621
        -0.285714285714      14.925329172445116
        -0.204081632653       8.563450586846745
        -0.122448979592       9.713298797157137
       -0.0408163265306        8.35566356539666
        0.0408163265306      10.158416523457795
         0.122448979592      15.278652456560396
         0.204081632653      3.0714259544974745
         0.285714285714       4.364878037653025
         0.367346938776      23.958297244628596
         0.448979591837       8.084622538862718
         0.530612244898       13.61900087648257
         0.612244897959       6.376042800963582
          0.69387755102      0.8732414619596298
         0.775510204082      3.4637783032223055
         0.857142857143      1.8875908187005663
         0.938775510204        8.80755777700066
          1.02040816327      12.911442542101074
          1.10204081633      19.451800218058715
          1.18367346939      15.340337573812223
          1.26530612245      15.059617328701865
          1.34693877551      12.606762993952985
          1.42857142857       34.60436893403284
          1.51020408163       34.43406032232237
          1.59183673469       34.19911216530896
          1.67346938776       34.44089089655155
          1.75510204082       34.89077953611811
          1.83673469388       35.22193274432786
          1.91836734694        34.5890393337733

